<?xml version="1.0"?>
<opencv_storage>
<intrinsic type_id="opencv-matrix">
  <rows>3</rows>
  <cols>3</cols>
  <dt>d</dt>
  <data>
    2.7525573032163840e+002 0. 2.1913813474335967e+002 0.
    2.7642512478310795e+002 1.6593269370933194e+002 0. 0. 1.</data></intrinsic>
<rotation type_id="opencv-matrix">
  <rows>1</rows>
  <cols>3</cols>
  <dt>d</dt>
  <data>
    8.6728929851648331e-003 2.8329122211977644e+000
    4.1141277276729435e-002</data></rotation>
<translation type_id="opencv-matrix">
  <rows>1</rows>
  <cols>3</cols>
  <dt>d</dt>
  <data>
    6.1890966592785734e-001 -7.4465297916132944e-001
    -9.8220701989925061e+000</data></translation>
<distortion type_id="opencv-matrix">
  <rows>1</rows>
  <cols>4</cols>
  <dt>d</dt>
  <data>
    -5.3257477884036258e-003 4.3216402416869498e-002
    1.3855864321114049e-002 -5.3884430170509871e-003</data></distortion>
</opencv_storage>
