<?xml version="1.0"?>
<opencv_storage>
<intrinsic type_id="opencv-matrix">
  <rows>3</rows>
  <cols>3</cols>
  <dt>d</dt>
  <data>
    2.7515523695192428e+002 0. 2.2081818868196183e+002 0.
    2.7516508768881948e+002 1.5966571279820596e+002 0. 0. 1.</data></intrinsic>
<rotation type_id="opencv-matrix">
  <rows>1</rows>
  <cols>3</cols>
  <dt>d</dt>
  <data>
    -2.3349894363920823e-004 2.8255533195294924e+000
    3.1746519304000007e-003</data></rotation>
<translation type_id="opencv-matrix">
  <rows>1</rows>
  <cols>3</cols>
  <dt>d</dt>
  <data>
    6.8447265469940521e-001 -9.6176435752271661e-001
    -9.7428965602514079e+000</data></translation>
<distortion type_id="opencv-matrix">
  <rows>1</rows>
  <cols>4</cols>
  <dt>d</dt>
  <data>
    -3.4423037355806206e-003 3.2023330223899665e-003
    1.2711822353688547e-003 -1.6921614253502624e-003</data></distortion>
</opencv_storage>
