<?xml version="1.0"?>
<opencv_storage>
<intrinsic type_id="opencv-matrix">
  <rows>3</rows>
  <cols>3</cols>
  <dt>d</dt>
  <data>
    8.3613535346657534e+002 0. 7.5768622902961226e+001 0.
    7.2240077616287840e+002 3.8148927536971274e+002 0. 0. 1.</data></intrinsic>
<rotation type_id="opencv-matrix">
  <rows>1</rows>
  <cols>3</cols>
  <dt>d</dt>
  <data>
    3.1594265474165470e+000 5.4868554086897050e-003
    -4.4577292356731257e-001</data></rotation>
<translation type_id="opencv-matrix">
  <rows>1</rows>
  <cols>3</cols>
  <dt>d</dt>
  <data>
    3.2394110588932459e+000 -5.3303667361428779e+000
    2.0435828770703086e+001</data></translation>
<distortion type_id="opencv-matrix">
  <rows>1</rows>
  <cols>4</cols>
  <dt>d</dt>
  <data>
    -7.2739296633528063e+000 1.2315736642217153e+001
    -6.2839078771588253e-001 2.6496648892541808e-001</data></distortion>
</opencv_storage>
