<?xml version="1.0"?>
<opencv_storage>
<intrinsic type_id="opencv-matrix">
  <rows>3</rows>
  <cols>3</cols>
  <dt>d</dt>
  <data>
    1.0392312811898094e+003 0. 800. 0. 1.0392311238643572e+003 600. 0.
    0. 1.</data></intrinsic>
<rotation type_id="opencv-matrix">
  <rows>1</rows>
  <cols>3</cols>
  <dt>d</dt>
  <data>
    3.7724472812058341e-008 2.8210556477359963e+000
    4.7776596924959960e-008</data></rotation>
<translation type_id="opencv-matrix">
  <rows>1</rows>
  <cols>3</cols>
  <dt>d</dt>
  <data>
    7.3313953902008289e-001 -9.9999958693269386e-001
    -9.7563176612163893e+000</data></translation>
<distortion type_id="opencv-matrix">
  <rows>1</rows>
  <cols>4</cols>
  <dt>d</dt>
  <data>
    -2.8898073689304119e-007 9.8964282847779408e-007
    9.4038761480675666e-008 2.6237766694629663e-007</data></distortion>
</opencv_storage>
