objectPoints = [41.3254, 17.76308, 19.15881;
41.88931, 16.51222, 15.23842;
18.07562, 6.99913, 3.307212;
17.22249, 8.871977, -0.4227197;
28.72543, -0.3126676, 4.042974;
28.08378, 1.867108, 0.5636683;
15.85132, -0.1618223, -3.582623;
13.9763, 0.4931371, -6.401972;
14.9821, 1.474026, -4.889616;
20.36613, -7.914067, -8.62448;
27.64025, -0.9192947, 1.910712;
14.61594, -1.27363, -5.440176;
17.96414, 5.690186, -0.1907591;
18.47923, 5.51635, 1.656356;
17.99804, 9.200505, 1.192925;
41.74384, 13.66178, 17.46061;
18.74969, 7.254532, -1.093303;
]';
imagePoints = [130, 57;
161, 68;
247, 87;
317, 47;
241, 202;
280, 178;
388, 221;
474, 212;
425, 188;
436, 333;
265, 210;
442, 250;
310, 110;
276, 115;
285, 47;
144, 89;
323, 86;
]';
