objectPoints = [9.082299, -9.815129, 19.66313;
11.79116, 6.985208, 21.48914;
41.83832, 13.7989, 16.12177;
18.91831, 10.35331, 2.443261;
28.85205, 0.2894695, 3.827389;
5.567645, 10.88748, 1.257629;
15.14702, 0.9564866, -4.641634;
20.77482, -6.895693, -8.511821;
7.893646, -6.546567, 0.2561971;
9.899614, -9.245638, 15.08663;
12.62382, -7.260139, 17.17647;
4.932395, 8.567441, 1.726708;
17.1027, 6.595954, 1.272544;
29.96125, -0.7745665, -0.2217498;
11.84986, -7.995764, 15.04566;
3.909547, 7.359073, 0.2732739;
17.39774, 9.049353, -0.1477648;
]';
imagePoints = [67, 228;
126, 5;
294, 5;
394, 93;
315, 151;
497, 135;
404, 244;
375, 282;
299, 340;
124, 247;
129, 200;
451, 180;
381, 145;
338, 171;
143, 223;
470, 231;
416, 127;
]';
fc = [305.707, 305.707];
 cc = [252.5, 176.5];
