objectPoints = [40.8213, 17.17525, 18.43577;
41.07453, 15.30544, 16.04326;
40.99776, 14.23326, 18.50417;
18.89346, 9.813937, 2.853677;
17.52281, 9.107288, 0.1084422;
18.22092, 7.210663, 3.478821;
17.41363, 6.75163, 1.899341;
19.71933, 5.092264, 1.193631;
17.09945, 6.766005, -0.0807817;
15.04877, -0.5505031, -4.789371;
]';
imagePoints = [134, 60;
153, 75;
134, 83;
255, 43;
306, 45;
244, 84;
273, 88;
282, 126;
311, 86;
422, 232;
]';
fc = [305.707, 305.707];
 cc = [252.5, 176.5];
