objectPoints = [4.314146, 10.99289, -2.212421;
6.376599, 12.07619, 1.344431;
10.02714, 10.7625, -0.1756456;
8.128892, 9.625533, -3.787758;
3.508237, 6.98268, -0.5660925;
7.392626, 5.607798, -2.141813;
9.309784, 6.856082, 1.470886;
5.340725, 11.62466, -0.2181062;
]';
imagePoints = [834, 787;
967, 798;
1015, 847;
869, 830;
804, 960;
843, 1018;
975, 1027;
900, 789;
]';
fc = [935.3074, 935.3074];
 cc = [960, 540];
