objectPoints = [11.75976, 10.17632, 20.49776;
11.48477, 7.447066, 21.50264;
12.21809, -7.051528, 17.49685;
7.732932, -8.414987, 1.494831;
10.13457, -7.516862, -3.560346;
17.42899, 6.91188, 1.796987;
21.07952, -6.55699, -8.060268;
15.01246, 1.828932, -4.843966;
28.5896, 1.157169, 2.425118;
42.07037, 14.49424, 15.78151;
18.9077, 10.01942, 2.709043;
6.738775, -7.636958, -1.62426;
]';
imagePoints = [15, 152;
33, 197;
207, 299;
410, 246;
442, 189;
281, 49;
399, 122;
387, 68;
269, 98;
124, 49;
250, 18;
456, 224;
]';
