objectPoints = [7.698311, 10.32691, -2.286729;
9.24341, 8.419013, -0.05790854;
21.46946, 8.976372, -0.5108106;
10.58768, 12.21088, 23.47487;
-5.84632, 8.149808, 48.71324;
32.795, 1.773941, 1.261141;
25.14994, -5.090739, -9.851416;
21.73422, -4.553523, -10.10291;
11.11276, -8.772782, -2.391433;
17.09857, 0.9441368, -7.946602;
]';
imagePoints = [214, 108;
233, 123;
316, 136;
316, 93;
296, 100;
411, 220;
291, 296;
261, 278;
226, 245;
241, 209;
]';
fc = [305.707, 305.707];
 cc = [252.5, 176.5];
