objectPoints = [6.445007, 11.08775, -1.015413;
9.516929, 8.649006, 0.4121493;
8.559511, 7.747771, -1.149182;
7.057509, 8.541627, -2.904287;
15.61974, 1.189942, -6.90132;
19.10979, 7.741742, -1.434439;
10.96335, 9.858689, 21.01226;
10.31814, -7.434966, 15.70666;
10.50526, -6.509738, -0.9559187;
13.6368, 9.702672, 21.29887;
]';
imagePoints = [296, 83;
337, 121;
315, 133;
287, 121;
375, 289;
490, 168;
407, 99;
362, 235;
312, 300;
431, 103;
]';
