objectPoints = [41.35392, 18.43423, 18.64222;
39.79714, 14.75441, 18.03877;
42.79309, 15.4659, 15.0988;
28.53535, -0.1166717, 3.405324;
14.01451, 0.3184109, -6.344515;
15.75218, -0.2439017, -3.731702;
20.92366, -5.071204, -9.741199;
21.64866, -7.219751, -6.084663;
22.2375, -4.634398, -6.89949;
20.55545, -7.179403, -8.802079;
17.31278, 8.536701, 0.09183693;
18.11404, 7.234305, 3.19594;
]';
imagePoints = [134, 52;
134, 76;
164, 78;
248, 200;
472, 216;
392, 223;
448, 285;
387, 313;
395, 272;
437, 320;
307, 54;
249, 83;
]';
